name: od
channels:
  - anaconda
  - menpo
  - defaults
  - conda-forge
dependencies:
  - ca-certificates=2018.03.07=0
  - certifi=2018.4.16=py36_0
  - libxml2=2.9.8=h26e45fe_1
  - openssl=1.0.2o=h20670df_0
  - bzip2=1.0.6=1
  - cairo=1.14.10=0
  - ffmpeg=3.4.2=0
  - fontconfig=2.12.6=0
  - freeglut=3.0.0=4
  - freetype=2.8.1=0
  - gettext=0.19.8.1=0
  - glib=2.55.0=0
  - gmp=6.1.2=hfc679d8_0
  - gnutls=3.5.17=0
  - graphite2=1.3.11=hfc679d8_0
  - harfbuzz=1.7.6=0
  - hdf5=1.10.1=2
  - icu=58.2=hfc679d8_0
  - jpeg=9b=2
  - libglu=9.0.0=0
  - libiconv=1.15=h470a237_1
  - libidn11=1.33=0
  - libpng=1.6.34=0
  - libprotobuf=3.5.2=0
  - libtiff=4.0.9=he6b73bb_0
  - nettle=3.3=0
  - pcre=8.41=1
  - pixman=0.34.0=2
  - setuptools=39.2.0=py36_0
  - wheel=0.31.1=py36_0
  - x264=20131218=0
  - jasper=2.0.14=h07fcdf6_1
  - libedit=3.1.20170329=h6b74fdf_2
  - libffi=3.2.1=hd88cf55_4
  - libgcc-ng=7.2.0=hdf63c60_3
  - libgfortran=3.0.0=1
  - libgfortran-ng=7.2.0=hdf63c60_3
  - libopenblas=0.2.20=h9ac9557_7
  - libstdcxx-ng=7.2.0=hdf63c60_3
  - ncurses=6.1=hf484d3e_0
  - numpy=1.14.3=py36h28100ab_2
  - numpy-base=1.14.3=py36h0ea5e3f_1
  - pip=10.0.1=py36_0
  - python=3.6.5=hc3d631a_2
  - readline=7.0=ha6073c6_4
  - sqlite=3.24.0=h84994c4_0
  - tk=8.6.7=hc745277_3
  - xz=5.2.4=h14c3975_4
  - zlib=1.2.11=ha838bed_2
  - opencv3=3.1.0=py36_0
  - pip:
    - absl-py==0.2.2
    - bleach==1.5.0
    - html5lib==0.9999999
    - markdown==2.6.11
    - protobuf==3.6.0
    - six==1.11.0
    - tensorflow==1.5.0
    - tensorflow-tensorboard==1.5.1
    - werkzeug==0.14.1
prefix: /home/lis/anaconda2/envs/od

